{
  "asset": {
    "version": "2.0",
    "generator": "THREE.GLTFExporter"
  },
  "scenes": [
    {
      "nodes": [
        0
      ]
    }
  ],
  "scene": 0,
  "nodes": [
    {
      "children": [
        397
      ],
      "matrix": [
        0.01,
        0,
        0,
        0,
        0,
        0.01,
        0,
        0,
        0,
        0,
        0.01,
        0,
        0,
        0,
        0,
        1
      ]
    },
    {
      "matrix": [
        1,
        0,
        0,
        0,
        0,
        1,
        0,
        0,
        0,
        0,
        1,
        0,
        144.76023275580118,
        496.5770937943805,
        782.5565506645478,
        1
      ],
      "name": "Help",
      "mesh": 0
    },
    {
      "matrix": [
        1,
        0,
        0,
        0,
        0,
        1,
        0,
        0,
        0,
        0,
        1,
        0,
        97.76023275580118,
        -95.60934579602139,
        782.5565506645478,
        1
      ],
      "name": "Counter",
      "mesh": 1
    },
    {
      "matrix": [
        0.9999998584481328,
        -1.0164395367051604e-20,
        -0.0005320749142768794,
        0,
        -0.00005312545097340459,
        0.9950029216837047,
        -0.09984579619882733,
        0,
        0.0005294160942601018,
        0.09984581033218823,
        0.9950027808391833,
        0,
        93.78645886249767,
        594.9632139998187,
        2446.2969088623668,
        1
      ],
      "name": "Camera",
      "camera": 0
    },
    {
      "matrix": [
        1,
        0,
        0,
        0,
        0,
        1,
        0,
        0,
        0,
        0,
        1,
        0,
        104.2706125542343,
        1381.3569946795387,
        1643.9073226875666,
        1
      ],
      "name": "Camera Controler",
      "mesh": 2
    },
    {
      "matrix": [
        1,
        0,
        0,
        0,
        0,
        1,
        0,
        0,
        0,
        0,
        1,
        0,
        104.2706125542343,
        699.4826214681591,
        -611.6512340105011,
        1
      ],
      "name": "Ship Controler",
      "mesh": 3
    },
    {
      "matrix": [
        1,
        0,
        0,
        0,
        0,
        2.6574973312538124e-16,
        1.5957738654363671,
        0,
        0,
        -1,
        2.2204460492503126e-16,
        0,
        -64.36,
        2.481348460037224e-16,
        219.53,
        1
      ],
      "name": "Cylinder",
      "mesh": 4
    },
    {
      "matrix": [
        1,
        0,
        0,
        0,
        0,
        3.543329775005082e-16,
        1.5957738654363671,
        0,
        0,
        -1,
        1.6653345369377348e-16,
        0,
        65.99871905501716,
        0,
        219.53207567785591,
        1
      ],
      "name": "Cylinder 4",
      "mesh": 5
    },
    {
      "matrix": [
        1,
        0,
        0,
        0,
        0,
        1,
        0,
        0,
        0,
        0,
        1,
        0,
        0,
        13.181759690970352,
        258.5307934627454,
        1
      ],
      "name": "Trusters",
      "children": [
        6,
        7
      ]
    },
    {
      "matrix": [
        1,
        0,
        0,
        0,
        0,
        2.220446049250313e-16,
        1,
        0,
        0,
        -1,
        2.220446049250313e-16,
        0,
        -64.36054262793238,
        13.181759690970352,
        255.8572047465828,
        1
      ],
      "name": "Cylinder 5",
      "mesh": 6
    },
    {
      "matrix": [
        1,
        0,
        0,
        0,
        0,
        2.220446049250313e-16,
        1,
        0,
        0,
        -1,
        2.220446049250313e-16,
        0,
        64.36054262793238,
        13.181759690970352,
        255.8572047465828,
        1
      ],
      "name": "Cylinder 5",
      "mesh": 7
    },
    {
      "matrix": [
        1,
        0,
        0,
        0,
        0,
        2.220446049250313e-16,
        1,
        0,
        0,
        -1,
        2.220446049250313e-16,
        0,
        -64.36054262793238,
        13.181759690970352,
        189.9016046480852,
        1
      ],
      "name": "Cylinder 2",
      "mesh": 8
    },
    {
      "matrix": [
        1,
        0,
        0,
        0,
        0,
        2.220446049250313e-16,
        1,
        0,
        0,
        -1,
        2.220446049250313e-16,
        0,
        64.36054262793238,
        13.181759690970352,
        189.32753905313695,
        1
      ],
      "name": "Cylinder 2",
      "mesh": 9
    },
    {
      "matrix": [
        1,
        0,
        0,
        0,
        0,
        2.220446049250313e-16,
        1,
        0,
        0,
        -1,
        2.220446049250313e-16,
        0,
        -64.36054262793238,
        13.181759690970368,
        223.26227598077676,
        1
      ],
      "name": "Cylinder 3",
      "mesh": 10
    },
    {
      "matrix": [
        1,
        0,
        0,
        0,
        0,
        2.220446049250313e-16,
        1,
        0,
        0,
        -1,
        2.220446049250313e-16,
        0,
        64.36054262793238,
        13.181759690970368,
        222.6882103858286,
        1
      ],
      "name": "Cylinder 2",
      "mesh": 11
    },
    {
      "matrix": [
        1.4849902197726645,
        -1.3627297970869393e-16,
        -2.003269938925265e-16,
        0,
        1.8185885194097014e-16,
        6.594681333339135e-16,
        1.4849902197726648,
        0,
        -2.2307561027434257e-16,
        -1.4849902197726643,
        5.770346166671742e-16,
        0,
        0.32012623719904826,
        -4.625312558969552,
        389.4899116505598,
        0.9999999999999998
      ],
      "name": "Pyramid 2",
      "mesh": 12
    },
    {
      "matrix": [
        -1.484990219772664,
        -1.3144810347617072e-16,
        8.219135872131432e-17,
        0,
        2.64292368607711e-16,
        -2.4730055000021747e-16,
        -1.4849902197726648,
        0,
        -1.8303917640847082e-32,
        -1.484990219772664,
        4.94601100000435e-16,
        0,
        0.3201262371991046,
        -5.795381370909352,
        -122.90801096791843,
        0.9999999999999999
      ],
      "name": "Pyramid",
      "mesh": 13
    },
    {
      "matrix": [
        1,
        0,
        0,
        0,
        0,
        0.6427876096865393,
        0.766044443118978,
        0,
        0,
        -0.766044443118978,
        0.6427876096865393,
        0,
        0,
        91.81879771547096,
        15.882155401947958,
        1
      ],
      "name": "Ship",
      "children": [
        8,
        9,
        10,
        11,
        12,
        13,
        14,
        15,
        16
      ]
    },
    {
      "matrix": [
        1,
        0,
        0,
        0,
        0,
        0.7827993448124417,
        -0.6222742046406969,
        0,
        0,
        0.6222742046406969,
        0.7827993448124417,
        0,
        104.94558992505785,
        -97.48982441679553,
        67.14153424956646,
        1
      ],
      "name": "Ship",
      "children": [
        17
      ]
    },
    {
      "matrix": [
        0.6349356498506585,
        0,
        -0.7725650267444948,
        0,
        0,
        1,
        0,
        0,
        0.7725650267444948,
        0,
        0.6349356498506585,
        0,
        3111.9285161475495,
        -341.88630858207216,
        32.413012584706344,
        1
      ],
      "name": "Tree",
      "mesh": 14
    },
    {
      "matrix": [
        0.9961946980917455,
        0,
        -0.08715574274765818,
        0,
        0,
        1,
        0,
        0,
        0.08715574274765818,
        0,
        0.9961946980917455,
        0,
        -354.7552864878162,
        25.77331704851349,
        241.14207660480722,
        1
      ],
      "name": "Tree",
      "mesh": 15
    },
    {
      "matrix": [
        2.2204460492503136e-16,
        2.7755575615628907e-17,
        1.0000000000000002,
        0,
        5.551115123125783e-17,
        1.0000000000000002,
        1.387778780781448e-17,
        0,
        -1,
        -5.551115123125783e-17,
        2.220446049250313e-16,
        0,
        2357.207076615268,
        -338.60527149580037,
        985.2946091317237,
        1
      ],
      "name": "Pyramid",
      "mesh": 16
    },
    {
      "matrix": [
        2.2204460492503136e-16,
        2.7755575615628907e-17,
        1.0000000000000002,
        0,
        5.551115123125783e-17,
        1.0000000000000002,
        1.387778780781448e-17,
        0,
        -1,
        -5.551115123125783e-17,
        2.220446049250313e-16,
        0,
        1489.2915771775943,
        -218.6121650089881,
        526.611288545358,
        1
      ],
      "name": "Pyramid",
      "mesh": 17
    },
    {
      "matrix": [
        1,
        5.551115123125784e-17,
        0,
        0,
        1.4765966227514583e-16,
        2.6600000000000006,
        3.691491556878646e-17,
        0,
        -2.7755575615628914e-17,
        2.7755575615628914e-17,
        0.9999999999999999,
        0,
        559.7580335595317,
        351.6077385965237,
        5.684341886080802e-14,
        1
      ],
      "name": "Pyramid",
      "mesh": 18
    },
    {
      "matrix": [
        1,
        0,
        0,
        0,
        0,
        1,
        0,
        0,
        0,
        0,
        1,
        0,
        -498,
        4333.334192595152,
        0,
        1
      ],
      "name": "Assets",
      "children": [
        19,
        20,
        21,
        22,
        23
      ]
    },
    {
      "matrix": [
        -1.0000000000000002,
        6.391329964066704e-17,
        -9.992888994225973e-17,
        0,
        1.8101606018880525e-16,
        1.0000000000000004,
        1.7797583114599317e-16,
        0,
        1.4500046988721173e-16,
        6.695352868347752e-17,
        -1,
        0,
        11884.708911695228,
        -634.6266254937146,
        -795.1758432704061,
        1.0000000000000002
      ],
      "name": "1-14969_clouds-realistic-cloud-clouds-png.png 2",
      "mesh": 19
    },
    {
      "matrix": [
        0.9941821731893792,
        -0.10771168233967565,
        0,
        0,
        0.10771168233967565,
        0.9941821731893792,
        0,
        0,
        0,
        0,
        1,
        0,
        -9597.081006248134,
        1.1368683772161603e-13,
        795.1758432704064,
        1
      ],
      "name": "1-14969_clouds-realistic-cloud-clouds-png.png",
      "mesh": 20
    },
    {
      "matrix": [
        1,
        0,
        0,
        0,
        0,
        1,
        0,
        0,
        0,
        0,
        1,
        0,
        1046.476564302695,
        447.26441103052,
        -11976.79291168798,
        1
      ],
      "name": "Clouds",
      "children": [
        25,
        26
      ]
    },
    {
      "matrix": [
        24.960000000000008,
        0,
        0,
        0,
        0,
        24.96000000000001,
        0,
        0,
        0,
        0,
        24.96000000000001,
        0,
        3421.9141584413387,
        3318.577101875937,
        -12047.406334248804,
        1.0000000000000004
      ],
      "name": "Sun2",
      "mesh": 21
    },
    {
      "matrix": [
        24.960000000000008,
        0,
        0,
        0,
        0,
        24.960000000000004,
        0,
        0,
        0,
        0,
        24.960000000000004,
        0,
        115.00000000000003,
        829.0000000000002,
        -12047.406334248803,
        1.0000000000000002
      ],
      "name": "Sun",
      "mesh": 22
    },
    {
      "matrix": [
        2.7634516471643086e-16,
        1,
        -5.551115123125784e-17,
        0,
        -1.0000000000000002,
        1.5721693686750967e-16,
        7.952626429757724e-17,
        0,
        -9.085203163068343e-17,
        5.551115123125784e-17,
        1.0000000000000004,
        0,
        1.030286966852145e-12,
        1.8189894035458565e-12,
        1.903932224005662e-29,
        1
      ],
      "name": "Ground 2",
      "mesh": 23
    },
    {
      "matrix": [
        0.99,
        0,
        0,
        0,
        0,
        0.99,
        0,
        0,
        0,
        0,
        0.99,
        0,
        -12.000000000003638,
        -11886.249143803747,
        -3004,
        1
      ],
      "name": "Speed Lines",
      "children": [
        30
      ]
    },
    {
      "matrix": [
        0.6349356498506585,
        0,
        -0.7725650267444948,
        0,
        0,
        1,
        0,
        0,
        0.7725650267444948,
        0,
        0.6349356498506585,
        0,
        3111.9285161475495,
        -341.88630858207216,
        32.413012584706344,
        1
      ],
      "name": "Tree",
      "mesh": 25
    },
    {
      "matrix": [
        0.9961946980917455,
        0,
        -0.08715574274765818,
        0,
        0,
        1,
        0,
        0,
        0.08715574274765818,
        0,
        0.9961946980917455,
        0,
        -354.7552864878162,
        25.77331704851349,
        241.14207660480722,
        1
      ],
      "name": "Tree",
      "mesh": 26
    },
    {
      "matrix": [
        2.2204460492503136e-16,
        2.7755575615628907e-17,
        1.0000000000000002,
        0,
        5.551115123125783e-17,
        1.0000000000000002,
        1.387778780781448e-17,
        0,
        -1,
        -5.551115123125783e-17,
        2.220446049250313e-16,
        0,
        2357.207076615268,
        -338.60527149580037,
        985.2946091317237,
        1
      ],
      "name": "Pyramid",
      "mesh": 27
    },
    {
      "matrix": [
        2.2204460492503136e-16,
        2.7755575615628907e-17,
        1.0000000000000002,
        0,
        5.551115123125783e-17,
        1.0000000000000002,
        1.387778780781448e-17,
        0,
        -1,
        -5.551115123125783e-17,
        2.220446049250313e-16,
        0,
        1489.2915771775943,
        -218.6121650089881,
        526.611288545358,
        1
      ],
      "name": "Pyramid",
      "mesh": 28
    },
    {
      "matrix": [
        1,
        5.551115123125784e-17,
        0,
        0,
        1.4765966227514583e-16,
        2.6600000000000006,
        3.691491556878646e-17,
        0,
        -2.7755575615628914e-17,
        2.7755575615628914e-17,
        0.9999999999999999,
        0,
        559.7580335595317,
        351.6077385965237,
        5.684341886080802e-14,
        1
      ],
      "name": "Pyramid",
      "mesh": 29
    },
    {
      "matrix": [
        -0.31686635813798314,
        -0.011643146179958042,
        0.9483987285036832,
        0,
        0.9470564033811988,
        -0.05845990526802014,
        0.3157001873466687,
        0,
        0.0517675563943189,
        0.9982218574160184,
        0.029550693424601815,
        0,
        11554.887571274827,
        11528.825391930197,
        3796.880920364598,
        1
      ],
      "name": "Clone 0",
      "children": [
        32,
        33,
        34,
        35,
        36
      ]
    },
    {
      "matrix": [
        0.6349356498506585,
        0,
        -0.7725650267444948,
        0,
        0,
        1,
        0,
        0,
        0.7725650267444948,
        0,
        0.6349356498506585,
        0,
        3111.9285161475495,
        -341.88630858207216,
        32.413012584706344,
        1
      ],
      "name": "Tree",
      "mesh": 30
    },
    {
      "matrix": [
        0.9961946980917455,
        0,
        -0.08715574274765818,
        0,
        0,
        1,
        0,
        0,
        0.08715574274765818,
        0,
        0.9961946980917455,
        0,
        -354.7552864878162,
        25.77331704851349,
        241.14207660480722,
        1
      ],
      "name": "Tree",
      "mesh": 31
    },
    {
      "matrix": [
        2.2204460492503136e-16,
        2.7755575615628907e-17,
        1.0000000000000002,
        0,
        5.551115123125783e-17,
        1.0000000000000002,
        1.387778780781448e-17,
        0,
        -1,
        -5.551115123125783e-17,
        2.220446049250313e-16,
        0,
        2357.207076615268,
        -338.60527149580037,
        985.2946091317237,
        1
      ],
      "name": "Pyramid",
      "mesh": 32
    },
    {
      "matrix": [
        2.2204460492503136e-16,
        2.7755575615628907e-17,
        1.0000000000000002,
        0,
        5.551115123125783e-17,
        1.0000000000000002,
        1.387778780781448e-17,
        0,
        -1,
        -5.551115123125783e-17,
        2.220446049250313e-16,
        0,
        1489.2915771775943,
        -218.6121650089881,
        526.611288545358,
        1
      ],
      "name": "Pyramid",
      "mesh": 33
    },
    {
      "matrix": [
        1,
        5.551115123125784e-17,
        0,
        0,
        1.4765966227514583e-16,
        2.6600000000000006,
        3.691491556878646e-17,
        0,
        -2.7755575615628914e-17,
        2.7755575615628914e-17,
        0.9999999999999999,
        0,
        559.7580335595317,
        351.6077385965237,
        5.684341886080802e-14,
        1
      ],
      "name": "Pyramid",
      "mesh": 34
    },
    {
      "matrix": [
        0.37848339528910036,
        -0.06800813533042588,
        0.9231062847902798,
        0,
        0.9225741190021901,
        -0.052964131192021036,
        -0.38216723532297586,
        0,
        0.07488200343051138,
        0.9962779202290657,
        0.04269650133535596,
        0,
        11317.063030527695,
        -5459.692200424167,
        -4453.497971268365,
        1
      ],
      "name": "Clone 1",
      "children": [
        38,
        39,
        40,
        41,
        42
      ]
    },
    {
      "matrix": [
        0.6349356498506585,
        0,
        -0.7725650267444948,
        0,
        0,
        1,
        0,
        0,
        0.7725650267444948,
        0,
        0.6349356498506585,
        0,
        3111.9285161475495,
        -341.88630858207216,
        32.413012584706344,
        1
      ],
      "name": "Tree",
      "mesh": 35
    },
    {
      "matrix": [
        0.9961946980917455,
        0,
        -0.08715574274765818,
        0,
        0,
        1,
        0,
        0,
        0.08715574274765818,
        0,
        0.9961946980917455,
        0,
        -354.7552864878162,
        25.77331704851349,
        241.14207660480722,
        1
      ],
      "name": "Tree",
      "mesh": 36
    },
    {
      "matrix": [
        2.2204460492503136e-16,
        2.7755575615628907e-17,
        1.0000000000000002,
        0,
        5.551115123125783e-17,
        1.0000000000000002,
        1.387778780781448e-17,
        0,
        -1,
        -5.551115123125783e-17,
        2.220446049250313e-16,
        0,
        2357.207076615268,
        -338.60527149580037,
        985.2946091317237,
        1
      ],
      "name": "Pyramid",
      "mesh": 37
    },
    {
      "matrix": [
        2.2204460492503136e-16,
        2.7755575615628907e-17,
        1.0000000000000002,
        0,
        5.551115123125783e-17,
        1.0000000000000002,
        1.387778780781448e-17,
        0,
        -1,
        -5.551115123125783e-17,
        2.220446049250313e-16,
        0,
        1489.2915771775943,
        -218.6121650089881,
        526.611288545358,
        1
      ],
      "name": "Pyramid",
      "mesh": 38
    },
    {
      "matrix": [
        1,
        5.551115123125784e-17,
        0,
        0,
        1.4765966227514583e-16,
        2.6600000000000006,
        3.691491556878646e-17,
        0,
        -2.7755575615628914e-17,
        2.7755575615628914e-17,
        0.9999999999999999,
        0,
        559.7580335595317,
        351.6077385965237,
        5.684341886080802e-14,
        1
      ],
      "name": "Pyramid",
      "mesh": 39
    },
    {
      "matrix": [
        0.6976693305491826,
        -0.06724818596067256,
        0.7132567466880733,
        0,
        0.7138414686678709,
        -0.01913892761315994,
        -0.7000457549759981,
        0,
        0.060727776356066465,
        0.9975526968209835,
        0.03465190101611404,
        0,
        8701.39541305817,
        7104.629143081793,
        -8497.25670311732,
        1
      ],
      "name": "Clone 2",
      "children": [
        44,
        45,
        46,
        47,
        48
      ]
    },
    {
      "matrix": [
        0.6349356498506585,
        0,
        -0.7725650267444948,
        0,
        0,
        1,
        0,
        0,
        0.7725650267444948,
        0,
        0.6349356498506585,
        0,
        3111.9285161475495,
        -341.88630858207216,
        32.413012584706344,
        1
      ],
      "name": "Tree",
      "mesh": 40
    },
    {
      "matrix": [
        0.9961946980917455,
        0,
        -0.08715574274765818,
        0,
        0,
        1,
        0,
        0,
        0.08715574274765818,
        0,
        0.9961946980917455,
        0,
        -354.7552864878162,
        25.77331704851349,
        241.14207660480722,
        1
      ],
      "name": "Tree",
      "mesh": 41
    },
    {
      "matrix": [
        2.2204460492503136e-16,
        2.7755575615628907e-17,
        1.0000000000000002,
        0,
        5.551115123125783e-17,
        1.0000000000000002,
        1.387778780781448e-17,
        0,
        -1,
        -5.551115123125783e-17,
        2.220446049250313e-16,
        0,
        2357.207076615268,
        -338.60527149580037,
        985.2946091317237,
        1
      ],
      "name": "Pyramid",
      "mesh": 42
    },
    {
      "matrix": [
        2.2204460492503136e-16,
        2.7755575615628907e-17,
        1.0000000000000002,
        0,
        5.551115123125783e-17,
        1.0000000000000002,
        1.387778780781448e-17,
        0,
        -1,
        -5.551115123125783e-17,
        2.220446049250313e-16,
        0,
        1489.2915771775943,
        -218.6121650089881,
        526.611288545358,
        1
      ],
      "name": "Pyramid",
      "mesh": 43
    },
    {
      "matrix": [
        1,
        5.551115123125784e-17,
        0,
        0,
        1.4765966227514583e-16,
        2.6600000000000006,
        3.691491556878646e-17,
        0,
        -2.7755575615628914e-17,
        2.7755575615628914e-17,
        0.9999999999999999,
        0,
        559.7580335595317,
        351.6077385965237,
        5.684341886080802e-14,
        1
      ],
      "name": "Pyramid",
      "mesh": 44
    },
    {
      "matrix": [
        0.5341819717740839,
        -0.0027202912153142522,
        -0.8453651406624569,
        0,
        -0.8437323344424877,
        0.060489744209306084,
        -0.5333448590374922,
        0,
        0.05258677445690868,
        0.9981651120236553,
        0.03001733317637667,
        0,
        -10267.049813205522,
        -1102.2473682149976,
        -6519.271855302353,
        1
      ],
      "name": "Clone 3",
      "children": [
        50,
        51,
        52,
        53,
        54
      ]
    },
    {
      "matrix": [
        0.6349356498506585,
        0,
        -0.7725650267444948,
        0,
        0,
        1,
        0,
        0,
        0.7725650267444948,
        0,
        0.6349356498506585,
        0,
        3111.9285161475495,
        -341.88630858207216,
        32.413012584706344,
        1
      ],
      "name": "Tree",
      "mesh": 45
    },
    {
      "matrix": [
        0.9961946980917455,
        0,
        -0.08715574274765818,
        0,
        0,
        1,
        0,
        0,
        0.08715574274765818,
        0,
        0.9961946980917455,
        0,
        -354.7552864878162,
        25.77331704851349,
        241.14207660480722,
        1
      ],
      "name": "Tree",
      "mesh": 46
    },
    {
      "matrix": [
        2.2204460492503136e-16,
        2.7755575615628907e-17,
        1.0000000000000002,
        0,
        5.551115123125783e-17,
        1.0000000000000002,
        1.387778780781448e-17,
        0,
        -1,
        -5.551115123125783e-17,
        2.220446049250313e-16,
        0,
        2357.207076615268,
        -338.60527149580037,
        985.2946091317237,
        1
      ],
      "name": "Pyramid",
      "mesh": 47
    },
    {
      "matrix": [
        2.2204460492503136e-16,
        2.7755575615628907e-17,
        1.0000000000000002,
        0,
        5.551115123125783e-17,
        1.0000000000000002,
        1.387778780781448e-17,
        0,
        -1,
        -5.551115123125783e-17,
        2.220446049250313e-16,
        0,
        1489.2915771775943,
        -218.6121650089881,
        526.611288545358,
        1
      ],
      "name": "Pyramid",
      "mesh": 48
    },
    {
      "matrix": [
        1,
        5.551115123125784e-17,
        0,
        0,
        1.4765966227514583e-16,
        2.6600000000000006,
        3.691491556878646e-17,
        0,
        -2.7755575615628914e-17,
        2.7755575615628914e-17,
        0.9999999999999999,
        0,
        559.7580335595317,
        351.6077385965237,
        5.684341886080802e-14,
        1
      ],
      "name": "Pyramid",
      "mesh": 49
    },
    {
      "matrix": [
        -0.7096782249188152,
        0.08010325688178249,
        -0.6999573453525652,
        0,
        -0.7008380970441443,
        0.021255017362485695,
        0.7130036367147523,
        0,
        0.07199151899787504,
        0.9965599291933482,
        0.041055191127639556,
        0,
        -8757.671298181689,
        -3085.81580891227,
        8440.46670698851,
        1
      ],
      "name": "Clone 4",
      "children": [
        56,
        57,
        58,
        59,
        60
      ]
    },
    {
      "matrix": [
        0.6349356498506585,
        0,
        -0.7725650267444948,
        0,
        0,
        1,
        0,
        0,
        0.7725650267444948,
        0,
        0.6349356498506585,
        0,
        3111.9285161475495,
        -341.88630858207216,
        32.413012584706344,
        1
      ],
      "name": "Tree",
      "mesh": 50
    },
    {
      "matrix": [
        0.9961946980917455,
        0,
        -0.08715574274765818,
        0,
        0,
        1,
        0,
        0,
        0.08715574274765818,
        0,
        0.9961946980917455,
        0,
        -354.7552864878162,
        25.77331704851349,
        241.14207660480722,
        1
      ],
      "name": "Tree",
      "mesh": 51
    },
    {
      "matrix": [
        2.2204460492503136e-16,
        2.7755575615628907e-17,
        1.0000000000000002,
        0,
        5.551115123125783e-17,
        1.0000000000000002,
        1.387778780781448e-17,
        0,
        -1,
        -5.551115123125783e-17,
        2.220446049250313e-16,
        0,
        2357.207076615268,
        -338.60527149580037,
        985.2946091317237,
        1
      ],
      "name": "Pyramid",
      "mesh": 52
    },
    {
      "matrix": [
        2.2204460492503136e-16,
        2.7755575615628907e-17,
        1.0000000000000002,
        0,
        5.551115123125783e-17,
        1.0000000000000002,
        1.387778780781448e-17,
        0,
        -1,
        -5.551115123125783e-17,
        2.220446049250313e-16,
        0,
        1489.2915771775943,
        -218.6121650089881,
        526.611288545358,
        1
      ],
      "name": "Pyramid",
      "mesh": 53
    },
    {
      "matrix": [
        1,
        5.551115123125784e-17,
        0,
        0,
        1.4765966227514583e-16,
        2.6600000000000006,
        3.691491556878646e-17,
        0,
        -2.7755575615628914e-17,
        2.7755575615628914e-17,
        0.9999999999999999,
        0,
        559.7580335595317,
        351.6077385965237,
        5.684341886080802e-14,
        1
      ],
      "name": "Pyramid",
      "mesh": 54
    },
    {
      "matrix": [
        -0.5856209099699954,
        0.04423731815825632,
        -0.8093770502603095,
        0,
        -0.8094874298311885,
        0.02002904836936259,
        0.5867954824014192,
        0,
        0.042169310537534754,
        0.9988202525497683,
        0.024080123446652335,
        0,
        -9940.944505103766,
        9177.412562857187,
        7006.501337036507,
        1
      ],
      "name": "Clone 5",
      "children": [
        62,
        63,
        64,
        65,
        66
      ]
    },
    {
      "matrix": [
        0.6349356498506585,
        0,
        -0.7725650267444948,
        0,
        0,
        1,
        0,
        0,
        0.7725650267444948,
        0,
        0.6349356498506585,
        0,
        3111.9285161475495,
        -341.88630858207216,
        32.413012584706344,
        1
      ],
      "name": "Tree",
      "mesh": 55
    },
    {
      "matrix": [
        0.9961946980917455,
        0,
        -0.08715574274765818,
        0,
        0,
        1,
        0,
        0,
        0.08715574274765818,
        0,
        0.9961946980917455,
        0,
        -354.7552864878162,
        25.77331704851349,
        241.14207660480722,
        1
      ],
      "name": "Tree",
      "mesh": 56
    },
    {
      "matrix": [
        2.2204460492503136e-16,
        2.7755575615628907e-17,
        1.0000000000000002,
        0,
        5.551115123125783e-17,
        1.0000000000000002,
        1.387778780781448e-17,
        0,
        -1,
        -5.551115123125783e-17,
        2.220446049250313e-16,
        0,
        2357.207076615268,
        -338.60527149580037,
        985.2946091317237,
        1
      ],
      "name": "Pyramid",
      "mesh": 57
    },
    {
      "matrix": [
        2.2204460492503136e-16,
        2.7755575615628907e-17,
        1.0000000000000002,
        0,
        5.551115123125783e-17,
        1.0000000000000002,
        1.387778780781448e-17,
        0,
        -1,
        -5.551115123125783e-17,
        2.220446049250313e-16,
        0,
        1489.2915771775943,
        -218.6121650089881,
        526.611288545358,
        1
      ],
      "name": "Pyramid",
      "mesh": 58
    },
    {
      "matrix": [
        1,
        5.551115123125784e-17,
        0,
        0,
        1.4765966227514583e-16,
        2.6600000000000006,
        3.691491556878646e-17,
        0,
        -2.7755575615628914e-17,
        2.7755575615628914e-17,
        0.9999999999999999,
        0,
        559.7580335595317,
        351.6077385965237,
        5.684341886080802e-14,
        1
      ],
      "name": "Pyramid",
      "mesh": 59
    },
    {
      "matrix": [
        -0.8403677223156354,
        0.026288911617592725,
        0.5413787809066707,
        0,
        0.5397607996372902,
        -0.05044413379081991,
        0.8403056994576479,
        0,
        0.0494001059203687,
        0.9983808303909165,
        0.028201897861670933,
        0,
        6650.395292112483,
        -1589.4970758890267,
        10183.880776168273,
        1
      ],
      "name": "Clone 6",
      "children": [
        68,
        69,
        70,
        71,
        72
      ]
    },
    {
      "matrix": [
        0.6349356498506585,
        0,
        -0.7725650267444948,
        0,
        0,
        1,
        0,
        0,
        0.7725650267444948,
        0,
        0.6349356498506585,
        0,
        3111.9285161475495,
        -341.88630858207216,
        32.413012584706344,
        1
      ],
      "name": "Tree",
      "mesh": 60
    },
    {
      "matrix": [
        0.9961946980917455,
        0,
        -0.08715574274765818,
        0,
        0,
        1,
        0,
        0,
        0.08715574274765818,
        0,
        0.9961946980917455,
        0,
        -354.7552864878162,
        25.77331704851349,
        241.14207660480722,
        1
      ],
      "name": "Tree",
      "mesh": 61
    },
    {
      "matrix": [
        2.2204460492503136e-16,
        2.7755575615628907e-17,
        1.0000000000000002,
        0,
        5.551115123125783e-17,
        1.0000000000000002,
        1.387778780781448e-17,
        0,
        -1,
        -5.551115123125783e-17,
        2.220446049250313e-16,
        0,
        2357.207076615268,
        -338.60527149580037,
        985.2946091317237,
        1
      ],
      "name": "Pyramid",
      "mesh": 62
    },
    {
      "matrix": [
        2.2204460492503136e-16,
        2.7755575615628907e-17,
        1.0000000000000002,
        0,
        5.551115123125783e-17,
        1.0000000000000002,
        1.387778780781448e-17,
        0,
        -1,
        -5.551115123125783e-17,
        2.220446049250313e-16,
        0,
        1489.2915771775943,
        -218.6121650089881,
        526.611288545358,
        1
      ],
      "name": "Pyramid",
      "mesh": 63
    },
    {
      "matrix": [
        1,
        5.551115123125784e-17,
        0,
        0,
        1.4765966227514583e-16,
        2.6600000000000006,
        3.691491556878646e-17,
        0,
        -2.7755575615628914e-17,
        2.7755575615628914e-17,
        0.9999999999999999,
        0,
        559.7580335595317,
        351.6077385965237,
        5.684341886080802e-14,
        1
      ],
      "name": "Pyramid",
      "mesh": 64
    },
    {
      "matrix": [
        -0.9385409423749709,
        0.046090040376985886,
        0.3420769031430626,
        0,
        0.33958222838262964,
        -0.054274567341255464,
        0.93900914878749,
        0,
        0.061845045497500944,
        0.9974617684492809,
        0.035287544961994044,
        0,
        3948.0576496307917,
        3547.0265616076213,
        11503.442336722392,
        1
      ],
      "name": "Clone 7",
      "children": [
        74,
        75,
        76,
        77,
        78
      ]
    },
    {
      "matrix": [
        0.6349356498506585,
        0,
        -0.7725650267444948,
        0,
        0,
        1,
        0,
        0,
        0.7725650267444948,
        0,
        0.6349356498506585,
        0,
        3111.9285161475495,
        -341.88630858207216,
        32.413012584706344,
        1
      ],
      "name": "Tree",
      "mesh": 65
    },
    {
      "matrix": [
        0.9961946980917455,
        0,
        -0.08715574274765818,
        0,
        0,
        1,
        0,
        0,
        0.08715574274765818,
        0,
        0.9961946980917455,
        0,
        -354.7552864878162,
        25.77331704851349,
        241.14207660480722,
        1
      ],
      "name": "Tree",
      "mesh": 66
    },
    {
      "matrix": [
        2.2204460492503136e-16,
        2.7755575615628907e-17,
        1.0000000000000002,
        0,
        5.551115123125783e-17,
        1.0000000000000002,
        1.387778780781448e-17,
        0,
        -1,
        -5.551115123125783e-17,
        2.220446049250313e-16,
        0,
        2357.207076615268,
        -338.60527149580037,
        985.2946091317237,
        1
      ],
      "name": "Pyramid",
      "mesh": 67
    },
    {
      "matrix": [
        2.2204460492503136e-16,
        2.7755575615628907e-17,
        1.0000000000000002,
        0,
        5.551115123125783e-17,
        1.0000000000000002,
        1.387778780781448e-17,
        0,
        -1,
        -5.551115123125783e-17,
        2.220446049250313e-16,
        0,
        1489.2915771775943,
        -218.6121650089881,
        526.611288545358,
        1
      ],
      "name": "Pyramid",
      "mesh": 68
    },
    {
      "matrix": [
        1,
        5.551115123125784e-17,
        0,
        0,
        1.4765966227514583e-16,
        2.6600000000000006,
        3.691491556878646e-17,
        0,
        -2.7755575615628914e-17,
        2.7755575615628914e-17,
        0.9999999999999999,
        0,
        559.7580335595317,
        351.6077385965237,
        5.684341886080802e-14,
        1
      ],
      "name": "Pyramid",
      "mesh": 69
    },
    {
      "matrix": [
        -0.5993977702880096,
        0.008432725253134488,
        0.8004068978454444,
        0,
        0.7982752587049797,
        -0.06738488237485463,
        0.598511394182955,
        0,
        0.05898240681135297,
        0.9976914186120536,
        0.03365871231357387,
        0,
        9572.895232586492,
        4707.600058444605,
        7502.628925402624,
        1
      ],
      "name": "Clone 8",
      "children": [
        80,
        81,
        82,
        83,
        84
      ]
    },
    {
      "matrix": [
        0.6349356498506585,
        0,
        -0.7725650267444948,
        0,
        0,
        1,
        0,
        0,
        0.7725650267444948,
        0,
        0.6349356498506585,
        0,
        3111.9285161475495,
        -341.88630858207216,
        32.413012584706344,
        1
      ],
      "name": "Tree",
      "mesh": 70
    },
    {
      "matrix": [
        0.9961946980917455,
        0,
        -0.08715574274765818,
        0,
        0,
        1,
        0,
        0,
        0.08715574274765818,
        0,
        0.9961946980917455,
        0,
        -354.7552864878162,
        25.77331704851349,
        241.14207660480722,
        1
      ],
      "name": "Tree",
      "mesh": 71
    },
    {
      "matrix": [
        2.2204460492503136e-16,
        2.7755575615628907e-17,
        1.0000000000000002,
        0,
        5.551115123125783e-17,
        1.0000000000000002,
        1.387778780781448e-17,
        0,
        -1,
        -5.551115123125783e-17,
        2.220446049250313e-16,
        0,
        2357.207076615268,
        -338.60527149580037,
        985.2946091317237,
        1
      ],
      "name": "Pyramid",
      "mesh": 72
    },
    {
      "matrix": [
        2.2204460492503136e-16,
        2.7755575615628907e-17,
        1.0000000000000002,
        0,
        5.551115123125783e-17,
        1.0000000000000002,
        1.387778780781448e-17,
        0,
        -1,
        -5.551115123125783e-17,
        2.220446049250313e-16,
        0,
        1489.2915771775943,
        -218.6121650089881,
        526.611288545358,
        1
      ],
      "name": "Pyramid",
      "mesh": 73
    },
    {
      "matrix": [
        1,
        5.551115123125784e-17,
        0,
        0,
        1.4765966227514583e-16,
        2.6600000000000006,
        3.691491556878646e-17,
        0,
        -2.7755575615628914e-17,
        2.7755575615628914e-17,
        0.9999999999999999,
        0,
        559.7580335595317,
        351.6077385965237,
        5.684341886080802e-14,
        1
      ],
      "name": "Pyramid",
      "mesh": 74
    },
    {
      "matrix": [
        0.706112666237336,
        -0.022699769293100136,
        -0.7077355601163761,
        0,
        -0.7041435189877138,
        0.08299325830903981,
        -0.7051907711696521,
        0,
        0.07474494796840603,
        0.9962915434496518,
        0.04261869547406727,
        0,
        -8397.126725029373,
        7241.062156708438,
        -8798.553062883304,
        1
      ],
      "name": "Clone 9",
      "children": [
        86,
        87,
        88,
        89,
        90
      ]
    },
    {
      "matrix": [
        0.6349356498506585,
        0,
        -0.7725650267444948,
        0,
        0,
        1,
        0,
        0,
        0.7725650267444948,
        0,
        0.6349356498506585,
        0,
        3111.9285161475495,
        -341.88630858207216,
        32.413012584706344,
        1
      ],
      "name": "Tree",
      "mesh": 75
    },
    {
      "matrix": [
        0.9961946980917455,
        0,
        -0.08715574274765818,
        0,
        0,
        1,
        0,
        0,
        0.08715574274765818,
        0,
        0.9961946980917455,
        0,
        -354.7552864878162,
        25.77331704851349,
        241.14207660480722,
        1
      ],
      "name": "Tree",
      "mesh": 76
    },
    {
      "matrix": [
        2.2204460492503136e-16,
        2.7755575615628907e-17,
        1.0000000000000002,
        0,
